(116, 2)
[-0.18724406  0.45791218]
(116, 2)
[-0.18288304  0.43642993]
(116, 2)
[-0.12228358  0.66836742]
(116, 2)
[-0.08628922  0.67502595]
(116, 2)
[-1.65975781  0.81102169]
(116, 2)
[-1.72505493  0.87027764]
(116, 2)
[-0.03899994  0.6725537 ]
(116, 2)
[-0.13316913  0.74159763]
(116, 2)
[-1.4183645   1.14018883]
(116, 2)
[-1.06932213  1.04236966]
(116, 2)
[-0.2138959   0.39749038]
(116, 2)
[-0.22691497  0.51047934]
(116, 2)
[-0.1173505   0.51548346]
(116, 2)
[-0.23571247  0.66612655]
(116, 2)
[-0.71479     0.76704203]
(116, 2)
[-0.66778164  0.69596271]
(116, 2)
[-0.53731619  0.31631446]
(116, 2)
[-0.72057255  0.41936691]
(116, 2)
[-0.01466126  0.40432327]
(116, 2)
[-0.10945246  0.38984606]
(116, 2)
[-0.9795987   0.53756808]
(116, 2)
[-1.01757078  0.54937461]
(116, 2)
[0.39722772 0.99829989]
(116, 2)
[0.40135611 0.90230538]
(116, 2)
[-0.62956901  1.17693014]
(116, 2)
[-0.67841689  0.79432596]
(116, 2)
[-1.77475123  0.56845249]
(116, 2)
[-2.02868804  0.48183616]
(116, 2)
[-0.51192456  0.25450231]
(116, 2)
[-0.38115658  0.27208895]
(116, 2)
[-0.18582979  0.62366602]
(116, 2)
[-0.34560968  0.46972486]
(116, 2)
[-0.05551009  0.38594981]
(116, 2)
[-0.18795796  0.34851115]
(116, 2)
[-0.18229067  0.31213459]
(116, 2)
[-0.3370785   0.32621818]
(116, 2)
[-0.84210636  0.49895272]
(116, 2)
[-0.8132511   0.48025191]
(116, 2)
[-0.58511252  0.4036589 ]
(116, 2)
[-0.73000714  0.31953318]
(116, 2)
[-1.43986535  0.37714612]
(116, 2)
[-1.18435866  0.40116445]
(116, 2)
[-0.00284622  0.3699337 ]
(116, 2)
[-0.20263406  0.22923333]
(116, 2)
[0.21411392 0.40603263]
(116, 2)
[-0.06286565  0.27180375]
(116, 2)
[-0.26264229  0.26603177]
(116, 2)
[-0.47540111  0.28071984]
(116, 2)
[0.39234572 0.79722237]
(116, 2)
[0.0229664  0.52267201]
(116, 2)
[0.16120857 0.40172011]
(116, 2)
[-0.12034097  0.31903116]
(116, 2)
[-0.33959316  0.40007839]
(116, 2)
[-0.58059526  0.2341319 ]
(116, 2)
[-0.58715142  0.42433702]
(116, 2)
[-0.89614593  0.54785204]
(116, 2)
[-0.12042675  0.51082481]
(116, 2)
[-0.08462736  0.5421486 ]
(116, 2)
[0.27359573 0.63375996]
(116, 2)
[0.17385038 0.60011676]
(116, 2)
[0.34724878 0.49383911]
(116, 2)
[0.38402984 0.57836851]
(116, 2)
[-0.17450056  0.35172707]
(116, 2)
[-0.2001827   0.39001742]
(116, 2)
[0.29988272 0.39772242]
(116, 2)
[-0.07550252  0.35728988]
(116, 2)
[0.13400464 0.47830352]
(116, 2)
[-0.07014162  0.36728239]
(116, 2)
[-0.02106385  0.33882017]
(116, 2)
[0.03091019 0.44190621]
(116, 2)
[0.22838695 0.477068  ]
(116, 2)
[-0.40499366  0.57814158]
(116, 2)
[-1.00548722  0.31915621]
(116, 2)
[-1.0212214   0.34311897]
(116, 2)
[-1.14367392  0.28116439]
(116, 2)
[-1.26019997  0.20686225]
(116, 2)
[-0.19757645  0.57560998]
(116, 2)
[-0.28069739  0.52392158]
(116, 2)
[-0.27856221  0.24539011]
(116, 2)
[-0.33621503  0.16156503]
(116, 2)
[-0.26172144  0.46204391]
(116, 2)
[-0.56633148  0.45310515]
(116, 2)
[-0.59984343  0.74165885]
(116, 2)
[-0.67927502  0.78993494]
(116, 2)
[-0.48198493  0.53767045]
(116, 2)
[-0.66892409  0.53579924]
(116, 2)
[-0.68261355  0.77114428]
(116, 2)
[-0.78495763  0.75833349]
(116, 2)
[-1.03630888  0.67024393]
(116, 2)
[-1.23584817  0.63611739]
(116, 2)
[-0.81082204  0.62084248]
(116, 2)
[-0.82858547  0.70040528]
(116, 2)
[-0.88802307  0.64897015]
(116, 2)
[-0.83084295  0.7539202 ]
(116, 2)
[0.11891501 0.26665445]
(116, 2)
[-0.0295539   0.32088461]
(116, 2)
[-0.20529766  0.33277099]
(116, 2)
[-0.37371158  0.38782924]
(116, 2)
[-0.46266338  0.31253991]
(116, 2)
[-0.61017364  0.45394309]
(116, 2)
[-0.81507575  0.56413511]
(116, 2)
[-1.17564789  0.83754099]
(116, 2)
[-1.06019514  0.45764146]
(116, 2)
[-1.00124815  0.46961811]
(116, 2)
[-0.73294308  0.27985249]
(116, 2)
[-0.72558613  0.29339366]
(116, 2)
[-1.31901677  0.64995408]
(116, 2)
[-1.3614707   0.75112969]
(116, 2)
[0.16091756 0.10736588]
(116, 2)
[0.33766588 0.36931357]
(116, 2)
[-0.062614    0.36967527]
(116, 2)
[-0.16965417  0.28879552]
(116, 2)
[-0.33080893  0.12819489]
(116, 2)
[-0.60179376  0.10210097]
(116, 2)
[-0.51879888  0.20363568]
(116, 2)
[0.10492311 0.44951076]
(116, 2)